# Created by Octave 5.2.0, Wed Oct 28 23:36:04 2020 CST <demon@pop-os>
# name: out
# type: matrix
# rows: 1
# columns: 28
 1 1.5 1.5 2.25 2.25 2.25 3.375 3.375 3.375 3.375 5.0625 5.0625 5.0625 5.0625 5.0625 7.59375 7.59375 7.59375 7.59375 7.59375 7.59375 11.390625 11.390625 11.390625 11.390625 11.390625 11.390625 11.390625


